Magic Square 3x3
4 8 3 
2 6 7 
9 1 5 

Magic Square 4x4
1 9 8 16 
7 10 6 11 
12 13 5 4 
14 2 15 3 

Magic Square 5x5
12 20 21 1 11 
9 15 14 8 19 
10 22 3 25 5 
18 2 4 24 17 
16 6 23 7 13 

Magic Square 6x6
8 26 13 15 27 22 
28 24 29 5 11 14 
19 12 4 33 23 20 
6 10 9 21 30 35 
34 32 25 1 17 2 
16 7 31 36 3 18 

Magic Square 7x7
25 2 43 30 35 34 6 
42 14 47 5 36 12 19 
28 40 22 48 9 13 15 
21 24 4 8 45 29 44 
1 46 39 33 7 11 38 
32 31 17 10 20 49 16 
26 18 3 41 23 27 37 

Magic Square 8x8
58 27 25 2 12 64 17 55 
36 45 3 52 59 32 7 26 
56 44 22 21 54 6 18 39 
10 1 63 29 62 9 37 49 
5 53 47 33 8 43 51 20 
61 40 15 31 13 35 46 19 
4 16 57 50 14 48 60 11 
30 34 28 42 38 23 24 41 

Magic Square 9x9
71 16 42 75 1 20 47 46 51 
10 25 77 49 21 35 61 65 26 
28 55 72 8 78 13 81 15 19 
4 40 22 39 53 80 7 66 58 
70 69 63 23 62 27 5 44 6 
59 17 2 30 56 57 38 34 76 
60 32 64 67 3 52 68 12 11 
43 79 9 41 45 31 33 14 74 
24 36 18 37 50 54 29 73 48 

Magic Square 10x10
2 37 15 9 57 94 76 98 29 88 
91 95 51 39 4 20 53 90 55 7 
48 52 42 67 92 28 75 8 71 22 
32 23 86 36 72 13 66 41 82 54 
14 60 61 6 58 17 69 65 78 77 
25 93 12 83 44 87 19 27 26 89 
35 47 33 96 49 30 56 84 70 5 
73 1 63 99 31 97 10 18 45 68 
85 16 62 59 34 79 43 50 3 74 
100 81 80 11 64 40 38 24 46 21 

Magic Square 11x11
114 42 57 113 94 21 53 12 38 118 9 
17 74 112 45 75 47 55 111 32 13 90 
71 115 70 81 18 76 22 41 48 27 102 
63 91 16 65 50 73 39 120 37 89 28 
19 4 82 83 31 93 1 117 84 58 99 
68 23 92 60 98 52 88 2 119 3 66 
35 72 46 56 6 95 86 77 78 110 10 
103 51 96 14 109 15 105 29 5 108 36 
7 34 43 79 85 30 59 87 106 80 61 
107 44 24 26 97 100 101 11 20 25 116 
67 121 33 49 8 69 62 64 104 40 54 

Magic Square 12x12
29 136 61 41 79 69 51 70 82 31 96 125 
112 33 36 113 6 122 92 104 15 120 100 17 
111 133 32 80 86 44 71 18 83 68 55 89 
90 143 126 108 50 12 9 45 67 114 5 101 
97 91 76 129 66 46 14 53 141 84 60 13 
99 49 105 7 65 10 134 117 98 43 123 20 
30 87 39 42 131 140 132 52 40 19 37 121 
78 109 116 26 124 94 56 57 27 77 4 102 
130 11 75 88 28 35 2 110 119 21 144 107 
22 3 8 115 139 106 93 48 73 103 137 23 
34 59 138 74 95 64 81 142 62 72 24 25 
38 16 58 47 1 128 135 54 63 118 85 127 

